00000000010000000010000010000011
00000000000100010000000100010011
00000000000100010111000100010011
11111110001000001100101011100011
00000000001100001000000010010011
00000000000100001000000000100011
00000000001000111000001110010011
01000000011100001000000110110011
00000000001100000000000100100011
00000000111100100000001000010011
00000000000100100111001000110011
00000000010000000000000110100011
00000000000000110111001010010011
00000000011100110100001010110011
00000000011100110100001010010011
00000000011100110110001010110011
00000000011100110110001010010011
00000000011100110001001010110011
00000000011100110101001010110011
00000000011100110010001010110011
00000000001100001000000000100011
00000000010100000000000100100011
00000000010100011000000100000011
00000000010100011010001000000011
00000000001100000000000100010011
00000000000101000000010000010011
11111110100000010001110011100011
11110110010111111111000001101111